31 36 32 35
21 32 31 33
26 35 36 34
3 10 5 20
2 17 4 7
3 6 5 16
1 4 11 2
20 35 30 34
17 32 27 33
19 26 25 34
18 21 22 33
20 31 35 34
20 32 36 34
29 33 36 31
29 33 30 31
29 33 35 31
19 32 29 35
5 16 19 10
20 34 36 29
26 31 29 33
2 11 12 7
21 35 31 32
21 29 31 32
17 35 27 32
26 35 29 34
20 33 36 29
20 34 30 33
29 32 30 34
19 30 25 33
22 31 32 27
1 12 7 2
2 11 7 17
17 22 21 32
21 32 27 25
20 32 35 34
20 27 35 34
17 26 27 30
21 28 27 31
27 35 33 29
5 10 15 6
5 16 15 20
8 28 17 21
20 33 36 35
21 30 32 35
20 35 26 22
12 36 35 30
17 28 24 33
25 26 35 36
19 36 25 32
26 34 36 27
5 10 15 16
2 11 12 21
20 32 29 34
20 27 30 25
17 26 34 25
17 26 19 20
1 12 2 8
5 16 8 6
2 17 19 11
12 36 15 20
1 4 3 9
12 36 32 26
12 36 33 26
19 26 21 20
8 28 21 31
17 28 22 32
2 11 4 19
1 4 7 11
1 4 17 2
2 17 4 12
2 17 9 12
5 10 9 19
5 16 9 19
5 16 25 20
3 6 33 9
3 10 32 9
1 12 3 24
5 10 9 15
2 17 3 20
2 17 8 27
1 4 12 25
12 36 27 32
1 4 20 9
3 10 8 17
2 11 4 12
3 6 36 16
3 10 5 36
5 10 8 19
3 6 32 19
19 32 35 34
12 36 17 27
2 17 28 21
3 10 31 19
2 11 26 32
8 28 12 11
1 12 2 28
12 36 21 32
17 28 29 32
17 22 31 32
26 31 32 27
17 35 21 22
21 35 31 22
17 28 21 31
2 11 12 31
8 28 9 19
21 29 31 22
25 26 29 36
5 16 19 26
5 16 33 10
3 6 33 15
1 4 29 15
3 10 32 15
17 28 35 32
5 16 28 30
8 28 20 22
1 12 4 18
2 11 19 22
1 4 22 19
1 12 15 18
18 21 20 28
1 12 3 22
8 28 25 22
8 28 15 25
19 26 24 29
1 4 19 10
3 10 12 22
21 29 28 24
5 10 7 33
3 10 11 31
3 10 30 6
3 6 12 34
8 28 10 30
2 11 10 35
19 32 26 36
5 10 13 19
17 32 24 28
2 17 13 29
17 22 21 24
3 10 13 5
20 27 23 28
3 6 4 23
17 22 26 23
21 30 31 23
18 21 24 33
12 36 18 31
17 28 21 18
17 32 18 22
2 11 26 18
1 12 3 14
1 4 23 14
1 4 14 6
3 10 14 16
3 10 13 14
5 10 14 25
5 16 9 14
8 28 14 19
8 28 14 18
1 4 18 13
1 4 25 16
8 28 36 34
17 28 36 33
21 35 28 24
18 21 23 33
17 28 23 32
3 10 23 25
17 32 23 28
17 32 23 35
20 34 25 22
21 35 28 23
19 26 23 34
12 36 16 20
1 12 32 13
19 36 23 32
20 33 23 27
20 33 25 23
21 30 34 35
3 6 36 20
20 34 24 28
3 6 18 24
20 33 24 22
3 6 25 26
18 21 32 31
1 4 24 20
18 21 35 32
2 11 13 23
8 28 13 15
12 36 14 24
5 16 31 25
8 28 12 16
19 36 31 34
20 32 23 27
5 10 31 36
1 4 27 23
1 4 18 35
1 4 21 22
19 30 28 34
12 36 13 21
22 31 23 29
1 4 10 5
3 6 34 30
19 32 25 24
12 36 23 24
12 36 21 23
1 12 4 23
1 4 31 34
2 11 14 35
3 6 7 21
17 22 31 34
1 12 3 32
3 10 32 35
20 35 29 34
8 28 21 22
5 16 12 24
21 29 28 23
5 10 35 20
22 31 25 33
20 34 25 23
20 32 24 23
20 31 23 22
1 12 5 18
2 17 20 18
1 4 2 23
5 16 7 23
21 32 23 28
17 26 28 23
20 27 25 35
20 32 30 36
2 17 32 27
17 26 24 35
19 32 20 30
2 17 19 23
1 4 8 24
12 36 21 31
19 30 23 20
5 16 29 26
17 35 24 26
17 32 19 29
3 10 24 30
21 30 34 29
19 26 32 35
2 17 9 19
12 36 32 16
12 36 19 34
20 35 25 31
18 21 19 33
2 17 5 16
22 31 24 34
17 22 27 19
3 6 14 25
2 11 28 21
2 17 15 36
5 10 34 26
20 33 23 31
8 28 11 17
12 36 16 29
3 10 4 27
2 17 16 24
20 34 30 25
20 33 25 24
21 29 32 33
1 4 23 30
1 12 21 23
12 36 22 28
2 11 33 27
3 10 27 24
19 36 22 33
3 10 7 18
21 29 24 26
5 16 24 36
5 16 7 15
5 16 14 33
22 31 36 32
17 32 31 28
21 30 33 24
2 17 29 22
1 12 9 13
21 29 32 23
20 35 23 33
8 28 19 24
20 31 24 34
1 12 6 13
8 28 25 23
3 10 14 29
20 34 25 24
3 10 23 29
3 6 24 5
5 16 13 32
2 17 18 31
20 27 33 32
3 6 17 23
12 36 17 22
8 28 18 21
20 31 36 29
26 34 29 31
5 10 8 15
22 31 23 25
19 36 24 31
1 12 17 20
2 11 36 22
19 32 36 35
1 4 17 31
21 32 22 30
20 27 23 22
1 12 4 22
20 33 25 29
12 36 14 15
19 32 23 22
8 28 15 26
20 33 21 34
1 4 22 24
19 36 28 29
17 28 18 20
26 35 30 36
3 10 30 20
19 30 35 26
2 11 25 28
5 10 26 16
8 28 10 26
18 21 32 27
3 10 20 16
2 17 4 6
1 4 20 6
3 10 34 36
12 36 28 19
12 36 19 25
21 35 23 24
12 36 24 25
19 32 25 30
8 28 19 29
1 12 27 13
19 32 21 28
5 10 12 35
1 4 26 10
20 33 22 28
17 22 18 23
2 17 16 36
2 17 11 21
5 16 17 24
5 16 8 15
17 35 19 25
1 12 3 15
17 26 33 24
2 11 27 17
21 29 24 25
5 10 25 20
20 34 36 23
1 4 22 13
2 11 23 31
3 10 19 26
17 26 34 19
5 16 7 28
5 16 21 19
2 17 33 11
1 12 17 32
1 12 11 5
2 11 8 13
19 26 25 29
3 6 11 22
17 22 20 28
2 17 8 14
19 30 25 29
19 30 31 29
18 21 25 28
8 28 9 20
5 10 14 35
20 31 23 33
1 12 17 14
12 36 17 14
12 36 27 15
17 35 27 31
20 27 33 28
20 35 27 33
1 12 6 18
3 6 18 33
5 16 22 29
26 34 30 36
17 35 20 30
5 16 12 32
19 30 24 32
1 12 31 13
5 10 17 25
18 21 24 28
26 31 33 28
21 32 24 34
8 28 24 34
8 28 21 34
2 17 12 34
19 36 20 26
3 10 33 15
22 31 24 33
1 4 32 25
1 4 36 15
17 32 22 30
12 36 31 24
3 6 12 31
19 32 36 23
1 12 16 18
12 36 18 21
5 10 36 6
3 10 20 6
